image_width: 1280
image_height: 720
camera_name: gopro3_720
camera_matrix:
  rows: 3
  cols: 3
  data: [834.4748524001992, 0, 642.2706702854064, 0, 842.1155523793615, 381.9531029318122, 0, 0, 1]
distortion_model: rational_polynomial
distortion_coefficients:
  rows: 1
  cols: 8
  data: [-0.2938399385857786, 0.1913644720486169, 0.001271654877490364, -0.0007492835940216384, 0.000912727981648677, 0.0209818399872111, 0.03769492748694346, 0.07907729151174246]
rectification_matrix:
  rows: 3
  cols: 3
  data: [1, 0, 0, 0, 1, 0, 0, 0, 1]
projection_matrix:
  rows: 3
  cols: 4
  data: [670.0250854492188, 0, 640.406060776204, 0, 0, 790.7022094726562, 384.9384961514443, 0, 0, 0, 1, 0]