image_width: 1920
image_height: 1080
camera_name: gopro1_1080
camera_matrix:
  rows: 3
  cols: 3
  data: [1244.996591995046, 0, 920.8689247716027, 0, 1253.478003976867, 575.129593414502, 0, 0, 1]
distortion_model: rational_polynomial
distortion_coefficients:
  rows: 1
  cols: 8
  data: [0.1302817694074538, 0.4880729446435188, -0.002214580927686742, -0.001377960468574371, -0.4009858116308123, 0.4281551537546644, 0.6023516366719247, -0.4904034564391423]
rectification_matrix:
  rows: 3
  cols: 3
  data: [1, 0, 0, 0, 1, 0, 0, 0, 1]
projection_matrix:
  rows: 3
  cols: 4
  data: [1083.654052734375, 0, 974.1556341409305, 0, 0, 1178.374267578125, 576.3854636025353, 0, 0, 0, 1, 0]