image_width: 1920
image_height: 1080
camera_name: gopro3_1080
camera_matrix:
  rows: 3
  cols: 3
  data: [1334.845170480531, 0, 931.3977240698075, 0, 1345.425050983007, 595.5286906537272, 0, 0, 1]
distortion_model: rational_polynomial
distortion_coefficients:
  rows: 1
  cols: 8
  data: [-0.3697875100799679, -0.05812628452673381, 0.001724180022966498, 0.007068063219943331, 0.05348015059559612, -0.04505161503928026, -0.2065069663043099, 0.05809504319921104]
rectification_matrix:
  rows: 3
  cols: 3
  data: [1, 0, 0, 0, 1, 0, 0, 0, 1]
projection_matrix:
  rows: 3
  cols: 4
  data: [1077.021240234375, 0, 949.8222848129226, 0, 0, 1267.480590820312, 602.9860609118223, 0, 0, 0, 1, 0]