# oST version 5.0 parameters


[image]

width
1024

height
768

[narrow_stereo]

camera matrix
642.938830 0.000000 515.486665
0.000000 652.487512 378.207028
0.000000 0.000000 1.000000

distortion
-0.290298 0.100318 0.006113 -0.000814 0.000000

rectification
1.000000 0.000000 0.000000
0.000000 1.000000 0.000000
0.000000 0.000000 1.000000

projection
523.024292 0.000000 514.091656 0.000000
0.000000 581.844727 382.751171 0.000000
0.000000 0.000000 1.000000 0.000000

